appid	score	num_tags	total_tag_votes	name	release_date	positive_reviews	total_reviews	review_rating	rec_flag
1117020	3.0708514972276673	5	89	BoltHalt	Sep 2019	0	0	0.0	1
1099910	2.932145304127577	9	151	PARADISE	Dec 31, 2019	0	0	0.0	1
1103000	2.798643755634859	4	84	Qwerty's Prison	Jul 2019	0	0	0.0	1
1107920	2.7441044841375968	4	88	8bit Pigeon Hunter	Jul 17, 2019	0	0	0.0	1
1122290	2.7131255835032366	5	101	Nyanco Project	Meow Soon	0	0	0.0	1
1112330	2.6659314772323013	6	115	NORR part I: Ace Shot	Jul 2019	0	0	0.0	1
1108110	2.665673062464849	6	110	Neonoen	July 2019	0	0	0.0	1
1123340	2.625283322807427	5	95	Run! Bunny~<U+7EFF><U+7EFF><U+5C0F><U+5148><U+751F>	Aug 9, 2019	0	0	0.0	1
1120640	2.575469953089818	7	137	Kaiju Kite Attack	Oct 1, 2019	0	0	0.0	1
1109280	2.496833466131938	7	112	Back To Hell	Jul 14, 2019	0	0	0.0	1
1105780	2.44109476159618	5	105	Beat Stickman: Infinity Clones - Definitive Edition	Sep 2019	0	0	0.0	1
1119910	2.4088222453807213	8	103	JUDA	The Future	0	0	0.0	1
1100340	2.3968683743203574	6	105	Battle Droid T1	Jun 29, 2019	0	0	0.0	1
1111190	2.3712873703491595	4	85	Short Fuse	Aug 2019	0	0	0.0	1
1104170	2.3706440576524077	7	117	Cosmo Chaser	Jun 29, 2019	0	0	0.0	1
1111730	2.3612487011549783	7	98	Red Ruin	July - 2019	0	0	0.0	1
1103730	2.3465752688409793	5	100	Shing!	Q1 2020	0	0	0.0	1
1106920	2.3049173353590544	6	111	Nyanco	Jul 12, 2019	6	7	0.8571428571428571	1
1116180	2.2998511320671353	13	190	Amora Crystal	Sep 9, 2019	0	0	0.0	1
1103690	2.27695311652313	8	168	Interregnum-Alpha	Jun 28, 2019	0	0	0.0	1
1115760	2.2718523921652745	7	126	Singaria	Aug 2019	0	0	0.0	1
1103860	2.244060306439706	10	141	The Wizards - Dark Times	2020	0	0	0.0	1
1115640	2.2090103753772157	4	84	<U+82F1><U+96C4><U+7FA4><U+4FA0><U+4F20>II	Jul 16, 2019	187	206	0.9077669902912622	1
1115450	2.1892120413628753	5	105	Bastide	Nov 2019	0	0	0.0	1
1120240	2.185572364474713	7	117	Ded Inside	Jul 25, 2019	0	0	0.0	1
1102980	2.180783096384201	4	84	<U+82F1><U+96C4><U+7FA4><U+4FA0><U+4F20>	Jun 27, 2019	55	63	0.873015873015873	1
1117930	2.1737384659630505	6	122	Wonder Blade	Aug 8, 2019	0	0	0.0	1
1107170	2.155885158560994	6	128	Champions	Jul 24, 2019	0	0	0.0	1
1111990	2.1459651185180593	6	120	Einn	Jul 23, 2019	1	2	0.5	1
1105810	2.1259550107827336	7	141	Onset	December 2019	0	0	0.0	1
1112250	2.1206962002653365	4	87	Umbraseal	July 22, 2019	0	0	0.0	1
1103880	2.1046178381392684	4	84	Bullet Roulette VR	Sep 18, 2019	0	0	0.0	1
1104510	2.102786485216752	6	106	Rainbow Run	Jul 10, 2019	0	0	0.0	1
1115840	2.0965352216450053	6	113	Dungeons Again	Summer 2019	0	0	0.0	1
1119530	2.0946925486076746	5	100	ZHIVE	Jul 25, 2019	0	0	0.0	1
1108740	2.0946925486076746	5	100	Stick Em Up	Aug 5, 2019	0	0	0.0	1
1101980	2.055929347494607	4	125	<U+767D><U+77F3><U+6D32><U+5F80><U+4E8B>	Jul 18, 2019	6	29	0.20689655172413793	1
1101270	2.0522021377119697	4	84	Anime Artist	Jul 23, 2019	0	0	0.0	1
1110560	2.0514632206216286	6	126	Squad Erotica	Jul 2019	0	0	0.0	1
1111590	2.0477907965085977	15	210	Linked Mask	Coming Soon	0	0	0.0	1
1118690	2.046393328680014	5	102	Radical Gear	Jul 30, 2019	0	0	0.0	1
1110470	2.035100772362649	7	143	This Is Space	Jul 9, 2019	0	0	0.0	1
1101530	2.029400660868435	8	162	Edge of Time: Rise of the Aeus	Q3 2019	0	0	0.0	1
1107040	2.029184871376502	7	139	You Don't Have Time	Jul 30, 2019	0	0	0.0	1
1106710	2.0257773710960807	8	128	On The Verge II	Fall 2019	0	0	0.0	1
1113110	2.0212288912128624	6	126	The Stranger: Interactive Game	Jul 22, 2019	1	1	1.0	1
1121220	2.0030145678054816	7	147	Seas of Fortune	TBD	0	0	0.0	1
1104800	1.9986959595496	20	1870	CHERNOBYL HISTORY OF NUCLEAR DISASTER	Coming Soon	0	0	0.0	1
1104210	1.992107375651244	5	105	Voxel Fly	Dec 2019	0	0	0.0	1
1114690	1.9909868895816512	5	100	Arcadia: The Crystal Wars	Feb 2020	0	0	0.0	1
1099840	1.9703500243020748	13	185	1000$	Jul 19, 2019	0	0	0.0	1
1120970	1.95589406547471	6	106	Dream Keeper	Nightmares are coming soon	0	0	0.0	1
1122210	1.9472129942659673	8	168	Guns Color Pixel Art	Jul 26, 2019	0	0	0.0	1
1113390	1.92490609016786	5	108	Handy	Jul 22, 2019	2	2	1.0	1
1101850	1.9201013905566011	5	85	reD:<U+8D77><U+59CB><U+7684><U+65CB><U+8F6C><U+4E4B><U+97F3>(The beginning of the Melody)	Jul 12, 2019	1	1	1.0	1
1102500	1.9200511239189109	15	265	A Glider's Journey	Sep 2019	0	0	0.0	1
1116230	1.9187142483524726	20	320	The Story of Henry Bishop	Sep 13, 2019	0	0	0.0	1
1117120	1.913929590434869	20	276	The Cross Horror Game	Jul 2019	0	0	0.0	1
1100900	1.8922801594977303	11	151	Artifact Adventure Gaiden DX	Coming Soon	0	0	0.0	1
1118920	1.887766535314947	6	112	TrenchesWIP	Jul 21, 2019	0	0	0.0	1
1116290	1.884541314957846	6	87	Alien Escape	Jul 18, 2019	6	7	0.8571428571428571	1
1102880	1.8747107319058318	6	104	Kawaii Deathu Desu	Summer 2019	0	0	0.0	1
1107490	1.8708434457969276	12	244	The Searchers of Legends : Origin	Jul 10, 2019	1	4	0.25	1
1103430	1.8586906180339178	15	201	Detonation	Jul 8, 2019	1	1	1.0	1
1108400	1.8564467278081613	4	90	Cyberprank Girls 2077	Jul 10, 2019	6	14	0.42857142857142855	1
1104030	1.8514546769138571	7	150	Vermin Hunter	Oct 31, 2019	0	0	0.0	1
1114260	1.8375380734520892	4	85	Under What?	Jul 22, 2019	0	0	0.0	1
1111200	1.7967915402261379	5	105	Car Soccer World Cup	Aug 1, 2019	0	0	0.0	1
1103650	1.789183892254202	20	299	Commando Dog	Jul 10, 2019	0	0	0.0	1
1119110	1.78880472418812	8	171	The Creature	Aug 5, 2019	0	0	0.0	1
1109960	1.785046356366686	5	108	The Tales of Epicton Kingdom	Jul 26, 2019	0	0	0.0	1
1116670	1.7849945781805394	4	103	Simple Railroad	Sep 12, 2019	0	0	0.0	1
1113010	1.7839048582584234	20	341	Chernobyl Liquidators Simulator	Coming Soon	0	0	0.0	1
1111300	1.78249422492075	8	173	Aim for the Win	Summer 2019	0	0	0.0	1
1122170	1.7798968570343279	19	790	Mech Hunter	Coming Soon	0	0	0.0	1
1103510	1.772664432915097	8	182	<U+5F02><U+4E16><U+6C5F><U+6E56><U+5F55>(JiangHu Record  Of Another World)	Jul 18, 2019	6	8	0.75	1
1106060	1.7693499862495246	5	115	Attack it! Devil legion	Jul 2, 2019	12	14	0.8571428571428571	1
1110840	1.769113677419129	6	103	KEIKA - A Puzzle Adventure	Jul 9, 2019	1	1	1.0	1
1104630	1.7653573394623545	4	87	PixoCities		0	0	0.0	1
1110230	1.7648740513235346	8	162	<U+9999><U+5C71>31<U+53F7>	Jul 29, 2019	0	0	0.0	1
1105410	1.760252323872523	8	169	Shine's Adventures 2 (Zombie Attack)	wishlist me	0	0	0.0	1
1113380	1.7571292772081037	5	105	Deep Sea Tycoon: Diver's Paradise	Aug 1, 2019	0	0	0.0	1
1117040	1.7551333482907372	7	197	<U+6B66><U+9053><U+6230><U+59EC> - <U+5973><U+50D5>(<U+6B66><U+9053><U+6226><U+59EB> - <U+30E1><U+30A4><U+30C9> / Budo Girl War - Maid)		0	0	0.0	1
1107450	1.7495096411893787	6	124	Dreams of Solari - Chapter 1	Jul 14, 2019	2	6	0.3333333333333333	1
1100510	1.7484532865560267	9	243	Diamonds	Jun 28, 2019	85	116	0.7327586206896551	1
1107740	1.743793914133026	4	88	Pentagonal Saloon	July 2019	0	0	0.0	1
1115050	1.7407788196261125	13	184	Will You Snail?	2020	0	0	0.0	1
1106690	1.7249052418300885	6	126	<U+5DEB><U+5E08><U+8D85><U+51E1><U+8005> Legend of the wizard	Aug 2019	0	0	0.0	1
1113580	1.6941511750799263	5	106	<U+30B7><U+30CB><U+30B5><U+30AE>	Jul 24, 2019	0	0	0.0	1
1105560	1.6910365286707978	6	140	Kra-Ken		0	0	0.0	1
1109880	1.677347431109798	17	230	Just Random Squares	Q3 2019	0	0	0.0	1
1114110	1.6764535053712624	6	106	Nightmare Game (<U+5669><U+68A6><U+6E38><U+620F>)	Jul 19, 2019	0	5	0.0	1
1114430	1.6715868558581548	4	84	Ballex	Jul 2019	0	0	0.0	1
1118700	1.6708387080986395	9	118	Super Demon Boy	Jul 23, 2019	10	10	1.0	1
1113490	1.6695823051742567	5	106	River Legends: A Fly Fishing Adventure	2019	0	0	0.0	1
1116600	1.6617325229688948	6	122	Art Of Air War	07-2019	0	0	0.0	1
1122460	1.659514772041768	7	111	Alien Infection	Jul 2019	0	0	0.0	1
1121880	1.6557085031463592	8	137	Kumo	Q1 2020	0	0	0.0	1
1108600	1.653971779194422	19	255	Last Moon	Planned for 2020	0	0	0.0	1
1106150	1.6512987004037503	7	119	Yet Another Hero Story	Jul 9, 2019	3	3	1.0	1
1114530	1.6504651079708428	10	152	TTV3	Jul 18, 2019	25	28	0.8928571428571429	1
1100920	1.64808094465141	4	88	DrumMasterVR	Jun 28, 2019	3	6	0.5	1
1112580	1.6432232723627798	10	140	A pirate quartermaster	End of 2019	0	0	0.0	1
1118530	1.6430534793349167	20	303	Robo Inc Project		0	0	0.0	1
1110050	1.6410772479463585	14	210	Evan's Remains	May 2020	0	0	0.0	1
1105620	1.6365001095802005	7	177	Exertus	Jul 8, 2019	16	18	0.8888888888888888	1
1116550	1.633242032238173	9	195	Elon Simulator 2019	Jul 26, 2019	0	0	0.0	1
1115430	1.6308363316747774	15	205	Grapple Whip	2019	0	0	0.0	1
1116430	1.6301515452746047	18	240	Mostly Intense Monster Defense	Fall 2019	0	0	0.0	1
1113930	1.6298636201138115	10	152	Don't Die	Jul 2019	0	0	0.0	1
1100110	1.621005530741253	20	319	Nibiru	Aug 2019	0	0	0.0	1
1111840	1.618621219350991	18	371	Urban Explorer	2020	0	0	0.0	1
1101200	1.6073193801930612	10	170	After The Suns	Jun 24, 2019	0	0	0.0	1
1115820	1.584425644582708	7	100	MIND SWITCH	Aug 2019	0	0	0.0	1
1109940	1.570118225341153	4	87	RailRoadVR	07-20-2019	0	0	0.0	1
1113310	1.5691151212440562	16	441	Post Soviet Zombies	Jul 26, 2019	0	0	0.0	1
1111610	1.5683654665493159	10	140	All That Remains: A story about a child's future	Aug 1, 2019	0	0	0.0	1
1110020	1.5647991625216517	13	192	Image of Perfection	Coming Soon	0	0	0.0	1
1105040	1.5624665880582391	19	492	Alchemist Simulator	Coming soon	0	0	0.0	1
1104960	1.552865363701951	7	140	Alien Kingdom	Jul 26, 2019	0	0	0.0	1
1113320	1.5525445153328368	16	286	Death Gasp	Oct 10, 2019	0	0	0.0	1
1116910	1.5512379207324747	8	170	<U+4EBA><U+95F4><U+4E4B><U+5C51>-<U+827A><U+672F><U+4E4B><U+540D>(I am the dirt-for art)	8-2019	0	0	0.0	1
1108820	1.5492969754242298	7	133	Polar Jump	Jul 18, 2019	3	4	0.75	1
1103820	1.5474192234089765	20	721	Big Battle And Defence Simulator	Coming Soon	0	0	0.0	1
1106780	1.5466192092539746	7	148	Terminus: Survival	Jul 2019	0	0	0.0	1
1117770	1.528874536691325	8	153	Kid's Safety With George Blessure	Jul 23, 2019	2	4	0.5	1
1114650	1.5261986843071864	6	112	HorrorVale	Jul 26, 2019	0	0	0.0	1
1106790	1.5107190993407893	18	222	Red Horizon	Jul 19, 2019	3	3	1.0	1
1107160	1.5063621198381256	9	154	Pew Pew Puzzle Defense	Summer 2019	0	0	0.0	1
1122250	1.5048256250173881	5	108	THE FATE OF THE BULLY	Jul 30, 2019	0	0	0.0	1
1101120	1.497716912054669	20	2415	Gunsmith Simulator	Coming Soon	0	0	0.0	1
1105660	1.4967478858665524	15	286	Stay Safe: Labyrinth of the Mad	Aug 2019	0	0	0.0	1
1114210	1.4911946459724355	12	244	Colloc	Jul 19, 2019	2	2	1.0	1
1102080	1.4900375109268675	7	119	Planaris 2+	Jul 9, 2019	1	1	1.0	1
1105210	1.4837538451062795	5	105	MonsterCastle - <U+602A><U+7269><U+57CE><U+5821>	Aug 15, 2019	0	0	0.0	1
1107060	1.4685887609869936	9	190	Lighthouse of guiding flames	July-August 2019	0	0	0.0	1
1103590	1.463746040147846	4	84	<U+8E69><U+811A><U+7684><U+70BC><U+91D1><U+672F><U+5E08>(Incompetent Alchemist)	Jul 1, 2019	2	6	0.3333333333333333	1
1111210	1.4574185182566302	12	204	The Backrooms Game	July 25th, 2019	0	0	0.0	1
1106080	1.4528268751821116	7	110	Princess Project	TBA	0	0	0.0	1
1103610	1.447615373678108	19	2502	Sailor Simulator	Coming soon	0	0	0.0	1
1114900	1.447365474546424	14	172	Ayo the Clown	2020	0	0	0.0	1
1114280	1.4435406555013557	5	105	Iris In Fantasy/<U+5E7B><U+60F3><U+7684><U+7231><U+4E3D><U+4E1D>	Q3 2019	0	0	0.0	1
1116810	1.442101352529072	6	122	Infinity Wars	Dec 24, 2019	0	0	0.0	1
1101340	1.433770246354656	7	144	Fighting Frenzy: Swole Simulator	Jul 2019	0	0	0.0	1
1120690	1.432749797457021	20	507	Knock Harder	2019. Wishlist Us	0	0	0.0	1
1101100	1.418004530089447	10	131	Chaos Dream: Retribution	Jun 25, 2019	0	0	0.0	1
1122110	1.4002881997236125	20	304	CENTRALIA	Jul 30, 2019	0	0	0.0	1
1106970	1.3961480236261452	8	171	Insect Simulator	Dec 2019	0	0	0.0	1
1106660	1.370744070945665	20	2172	Fire And Thunder	Coming soon	0	0	0.0	1
1102100	1.368510841692493	4	107	TINY METAL: FULL METAL RUMBLE	Jul 11, 2019	24	32	0.75	1
1101910	1.3658936342331753	19	504	Warriors: Rise to Glory! Online Multiplayer Open Beta	Jan 2020	0	0	0.0	1
1103330	1.3635797338790998	6	127	Card story	Aug 1, 2019	0	0	0.0	1
1104200	1.3629763454141557	17	218	Catapult Simulator	TBA	0	0	0.0	1
1104790	1.3547676460755085	5	102	Pixel Force <U+50CF><U+7D20><U+7279><U+5DE5><U+961F>	Nov 28, 2019	0	0	0.0	1
1100930	1.3547676460755085	5	102	LEGIONCRAFT	<U+519B><U+56E2><U+5373><U+5C06><U+96C6><U+7ED3>!	0	0	0.0	1
1101260	1.3540955973842856	6	132	FURRY GIRL PUZZLE	Jun 24, 2019	35	41	0.8536585365853658	1
1112410	1.3509489358890079	19	314	Tanky Tanks	Aug 30, 2019	0	0	0.0	1
1099630	1.3422598414389013	20	299	Alive 2 Survive	Summer 2019	0	0	0.0	1
1113240	1.3404290944777455	5	109	Voxel M.R.T.	07-2019	0	0	0.0	1
1107820	1.3346804365386564	11	167	Pushy and Pully in Blockland	Feb 2020	0	0	0.0	1
1105150	1.3258438504230479	7	116	Reverse Me! Rez/Ru	Jun 28, 2019	0	0	0.0	1
1116190	1.3226184663069822	8	141	Flutter Bombs	Jul 22, 2019	0	0	0.0	1
1120790	1.321187403214185	20	1583	Roman Legionary	Coming Soon	0	0	0.0	1
1117220	1.3152607588581702	6	122	WizardCraft Colonies	September 2019	0	0	0.0	1
1100070	1.3017854611109416	12	188	Master of the Forbidden Sea	Jul 17, 2019	0	0	0.0	1
1102260	1.3012241346288762	13	191	RANK RUNNER	Coming soon	0	0	0.0	1
1104570	1.2982134998412822	18	238	Shishi : Ballad of the Oracle	2020	0	0	0.0	1
1100350	1.2919164954281768	20	234	#Funtime	2019	0	0	0.0	1
1103160	1.2914945481489701	5	108	Beat Boxing	Q3 2019	0	0	0.0	1
1101670	1.288314153630837	12	235	ARISEN : Chronicles of Var'Nagal	Early 2020	0	0	0.0	1
1115420	1.2645864294985212	7	147	Dickie A Cumming	Jul 11, 2019	0	0	0.0	1
1112960	1.2625700774148065	12	154	Wildland	Jul 24, 2019	1	2	0.5	1
1123070	1.2554780214140424	8	102	REFLASER	August 2019	0	0	0.0	1
1106930	1.245184798902039	5	104	Click Commander	Jul 3, 2019	0	0	0.0	1
1118410	1.2431827147547878	20	374	GLADIUM		0	0	0.0	1
1116030	1.2342746464562	8	128	Oceanum Mortis	Jul 19, 2019	0	0	0.0	1
1115650	1.228161088969737	5	147	Blind Date 3D	August - ADD to wishlist!	0	0	0.0	1
1099510	1.2233974321056982	20	296	Rap simulator	Jul 31, 2019	0	0	0.0	1
1113680	1.2147251363839588	18	264	Hentai Girl Division	Aug 2019	0	0	0.0	1
1110490	1.20978242299083	19	247	LAB Defence	Jul 10, 2019	0	1	0.0	1
1101140	1.2062905740225278	19	415	Fishing Adventure	Coming soon	0	0	0.0	1
1116170	1.201623193643127	20	1057	CyberCorp	2020	0	0	0.0	1
1122230	1.2003733673527168	15	1277	Knight Simulator	May 11, 2020	0	0	0.0	1
1102740	1.1923109844232123	6	129	Going Up?	The Start of August.	0	0	0.0	1
1099640	1.1904583651375513	18	264	Jack Move	Coming soon	0	0	0.0	1
1120220	1.1821310407302026	20	539	Soviet Space Engineers	Coming 2020	0	0	0.0	1
1118670	1.1811522628568447	5	105	Space raven quest - Tiny planet	Jul 26, 2019	0	0	0.0	1
1111090	1.179896590411689	7	152	Alpha Lyrae Discovery	Aug. - 2019	0	0	0.0	1
1113650	1.1779480028572513	16	206	Jaxon The Thief	Aug 9, 2019	0	0	0.0	1
1121250	1.1705748126449493	8	107	ChatAid	Aug 1, 2019	0	0	0.0	1
1101290	1.1693753340203803	20	362	0Gravity	Jul 26, 2019	0	0	0.0	1
1101760	1.1642432201923918	16	252	CRAZY DRIVER	Jun 21, 2019	26	31	0.8387096774193549	1
1101930	1.1593851707358287	16	282	Monsters of Little Haven	Jul 9, 2019	26	27	0.9629629629629629	1
1111120	1.1584413631910155	4	84	Snares of Ruin 2	Jul 26, 2019	0	0	0.0	1
1109350	1.151216867873129	6	135	The Governor	Jul 14, 2019	0	0	0.0	1
1111830	1.1305326290991342	6	126	Sentenced VR	Early-Mid 2020	0	0	0.0	1
1103870	1.1222133353244796	8	132	Space Dance	Jul 10, 2019	1	1	1.0	1
1106910	1.1195294106760656	16	214	Nitroneers	2019	0	0	0.0	1
1102150	1.1183924595752823	6	130	Defending Territory	Jul 2019	0	0	0.0	1
1109790	1.105239314210085	9	137	Creatures	2019	0	0	0.0	1
1101310	1.0930134496794754	10	135	Vengeful Heart	2019	0	0	0.0	1
1106350	1.070993453306297	17	262	Pyrax	Jul 9, 2019	6	6	1.0	1
1109110	1.0635462263790478	8	173	Ghost Land	Jul 19, 2019	4	9	0.4444444444444444	1
1099830	1.0601273443039687	20	515	Welcome to Paradise	Jun 22, 2019	4	7	0.5714285714285714	1
1111290	1.0458363704004423	20	512	Moscow Rush	Coming soon	0	0	0.0	1
1101780	1.045170759751643	13	267	Bakery Biz Tycoon	Jul 2019	0	0	0.0	1
1118200	1.0377558670360654	5	106	People Playground	Jul 23, 2019	6	6	1.0	1
1106200	1.033552634871387	16	299	Overseas	august 2019	0	0	0.0	1
1104710	1.0278358504826632	4	85	A Lazy Magic Teacher	Jul 11, 2019	7	11	0.6363636363636364	1
1103210	1.026408768901262	4	84	We Become What We Behold [Fan-Made Port]	Jul 9, 2019	20	22	0.9090909090909091	1
1120370	1.0161870476244097	5	102	<U+5834><U+5916><U+4EBA><U+751F>	Aug 6, 2019	0	0	0.0	1
1108680	1.0153645175687382	13	250	Monster Girl Fantasy 2: Exposed	2020	0	0	0.0	1
1114480	1.0144020917295624	4	85	Blood Opera Crescendo	TBA	0	0	0.0	1
1116340	1.0110220044892937	4	85	Eleanor 3	Aug 15, 2019	0	0	0.0	1
1112010	0.9886244547329497	7	129	Afloat	Aug 2019	0	0	0.0	1
1102030	0.9870391898496467	4	87	KLAC	Jun 25, 2019	0	0	0.0	1
1118440	0.9608752850892246	9	159	Poisoner's Teacup	Jul 25, 2019	0	0	0.0	1
1116470	0.9592579052918437	4	84	Real Girl VR	Jul 26, 2019	0	0	0.0	1
1104890	0.9586064750708065	9	124	From Head to Toe	July 19th, 2019	18	19	0.9473684210526315	1
1122980	0.9578003228945039	5	105	Hentai Shojo	Jul 27, 2019	0	0	0.0	1
1119100	0.9578003228945039	5	105	Hentai Vampire	Jul 26, 2019	0	0	0.0	1
1114360	0.9578003228945039	5	105	Hentai Inumimi	Jul 27, 2019	0	0	0.0	1
1117480	0.9461144405641283	15	180	Dead Hand	Jul 26, 2019	0	0	0.0	1
1105600	0.942811077236419	8	153	Welcome To... Chichester 2 - Part II : No Regrets For The Future	Jul 3, 2019	0	0	0.0	1
1111810	0.9419250685498004	5	110	Sex Simulator		4	9	0.4444444444444444	1
1120770	0.9412733551882961	12	140	Gods of Havoc: Fall to Earth	Aug 22, 2019	0	0	0.0	1
1099960	0.936513678537419	8	109	Mini Tone Puzzle	Jul 2019	0	0	0.0	1
1116500	0.9271796869220724	6	120	HVAC Simulator	Jul 31, 2019	0	0	0.0	1
1104640	0.9249564110634712	8	190	New Frontier	Jul 2019	0	0	0.0	1
1109340	0.9249321614690794	4	87	Tennis. Amazing tournament	Jul 16, 2019	0	0	0.0	1
1113770	0.9228350485424963	6	86	Lunch A Palooza	Coming soon to Early Access	0	0	0.0	1
1117340	0.9170674224667594	9	110	Gods of Havoc: Into the Void	Aug 8, 2019	0	0	0.0	1
1103100	0.897272301950756	14	202	1000 days to escape	Jul 25, 2019	0	0	0.0	1
1108240	0.8834429325059923	17	308	Code/The Werewolf Party	Jul 29, 2019	0	0	0.0	1
1099720	0.882750444151167	8	153	<U+0421><U+041B><U+0410><U+0412><U+0410> <U+0423><U+041A><U+0420><U+0410><U+0407><U+041D><U+0406>	Jun 21, 2019	133	148	0.8986486486486487	1
1104670	0.8668284107417871	19	420	BAFF 2	Jun 27, 2019	0	0	0.0	1
1101130	0.8529976874885914	14	230	My Typing Skill	Jul 12, 2019	8	9	0.8888888888888888	1
1115620	0.848751733513918	16	247	Super Pig	Jul 19, 2019	3	3	1.0	1
1118590	0.8432380791130728	4	84	Orionide: Prologue	Jul 29, 2019	0	0	0.0	1
1102990	0.8242649794220278	10	174	Otaku Puzzle	Jul 19, 2019	61	67	0.9104477611940298	1
1101420	0.8144209180634083	15	287	Dragon Call	Jul 10, 2019	13	14	0.9285714285714286	1
1105770	0.813414173908859	5	105	THC	Jul 1, 2019	2	3	0.6666666666666666	1
1104690	0.8078305947388525	5	121	Realm Guardian	Jul 22, 2019	2	3	0.6666666666666666	1
1117900	0.7794382475474769	4	84	Fantasy Maid	Jul 25, 2019	0	0	0.0	1
1117630	0.7794382475474769	4	84	I got a cat maid	Aug 1, 2019	0	0	0.0	1
1103810	0.7528523692223147	4	84	My Happy Girls	Jul 12, 2019	1	3	0.3333333333333333	1
1100970	0.7483965166410389	8	191	Dancing Girl	Jun 28, 2019	630	756	0.8333333333333334	1
1116750	0.747228620992852	6	126	In Blood	Coming Soon!	0	0	0.0	1
1107650	0.7400471330981139	5	90	Loca-Love My Commuting Crush	Aug 2019	0	0	0.0	1
1111030	0.7175077124610652	4	92	Hentai Bad Girls	Jul 11, 2019	3	6	0.5	1
1113300	0.7131178398671817	11	251	To Battle!: Hell's Crusade	Jul 2019	0	0	0.0	1
1104330	0.6940391458706466	20	362	Founders' Fortune	Jul 19, 2019	72	75	0.96	1
1100200	0.6242243002339931	17	246	Chibi Volleyball	Jul 19, 2019	5	5	1.0	1
1099530	0.5963349191327	10	165	Hentai exotica	Jul 12, 2019	9	11	0.8181818181818182	1
1109360	0.3933375522235085	5	96	Hentai Mosaique Fix-IT Shoppe	Jul 25, 2019	0	0	0.0	1
1102420	0.2911138474590216	5	99	Palette Wizard	Jul 10, 2019	0	2	0.0	1
1119740	5.091076046222992	1	20	The Tower 2	Summer 2019	0	0	0.0	0
1110600	5.091076046222992	1	20	GrayScale	Aug 1, 2019	0	0	0.0	0
1109420	5.091076046222992	1	22	The Luminist	Jul 26, 2019	0	0	0.0	0
1105220	4.0372156458455	2	41	Infinity Attackers	Jul 2019	0	0	0.0	0
1109980	4.010869135836064	2	40	SARE  Action Game	Jul 28, 2019	0	0	0.0	0
1104870	3.985748044896832	2	43	TKKG - Die Feuerprobe	Jul 17, 2019	0	0	0.0	0
1104460	3.9423695149463445	2	30	Gourmet Warriors	Jul 3, 2019	1	1	1.0	0
1113500	3.911357997670409	2	43	Angry Girl	Jul 14, 2019	0	0	0.0	0
1121120	3.8832694727048715	2	40	Smooth Mover	Aug 5, 2019	0	0	0.0	0
1118350	3.8832694727048715	2	40	Meegah Mem 2	August	0	0	0.0	0
1116710	3.8832694727048715	2	42	Poly Soldiers	Jul 23, 2019	0	0	0.0	0
1110290	3.8832694727048715	2	42	Survival or die	Jul 5, 2019	0	0	0.0	0
1109900	3.8832694727048715	2	42	OldWar 2	Jul 18, 2019	2	2	1.0	0
1105570	3.8832694727048715	2	40	Final Crash Demo	Coming Soon	0	0	0.0	0
1105490	3.8832694727048715	2	42	Over Sky	Jul 12, 2019	0	0	0.0	0
1105390	3.8832694727048715	2	42	Sailor Jump	Jul 5, 2019	0	0	0.0	0
1104910	3.8832694727048715	2	42	Midnight Grub Session	Jul 11, 2019	0	0	0.0	0
1104850	3.8832694727048715	2	42	Mad Rabbit	Jul 3, 2019	0	0	0.0	0
1103630	3.8832694727048715	2	44	Event Horizon - Frontier	Jul 3, 2019	0	4	0.0	0
1102890	3.8832694727048715	2	42	Square Norm	Jul 8, 2019	0	0	0.0	0
1100560	3.8832694727048715	2	40	Drones	November 2019	0	0	0.0	0
1100290	3.8832694727048715	2	40	Super Space Club		0	0	0.0	0
1115570	3.600026006489052	3	63	Forest Mage	Jul 19, 2019	0	1	0.0	0
1109700	3.600026006489052	3	63	Last warrior	Jul 11, 2019	0	0	0.0	0
1114700	3.576497647317431	3	59	Fight For Freedom	Jul 21, 2019	0	0	0.0	0
1119020	3.5759768122997952	3	62	Amazing repair	Jul 22, 2019	0	0	0.0	0
1103930	3.5759768122997952	3	62	Shrine of the God-Ape	Jul 16, 2019	13	14	0.9285714285714286	0
1101630	3.5759768122997952	3	62	A maze in Citadel	Jun 30, 2019	0	0	0.0	0
1118940	3.565733723619626	3	60	Robot terminator	Aug 5, 2019	0	0	0.0	0
1112760	3.565733723619626	3	60	Farrealm: The Prince of Winds	Jul 25, 2019	0	0	0.0	0
1104040	3.565733723619626	3	60	Hash Line	Jul 2019	0	0	0.0	0
1102780	3.565733723619626	3	63	Desert Of The Dead	soon	0	0	0.0	0
1101770	3.565733723619626	3	63	Ancient knowledge	August 2019	0	0	0.0	0
1104490	3.543279357657227	3	47	Water Margin - The Tale of Clouds and Wind	Jul 3, 2019	0	0	0.0	0
1100170	3.4870174856941705	2	44	<U+30C0><U+30D6><U+30EB><U+30B9><U+30DD><U+30A4><U+30E9><U+30FC> <U+301C> <U+6771><U+65B9><U+6587><U+82B1><U+5E16>	Jul 30, 2019	0	0	0.0	0
1121290	3.3546761708198445	2	32	Just Another Memory	Aug 7, 2019	0	0	0.0	0
1107210	3.3180318679700704	3	53	Jumping Over It With Kang KiYun	Jul 17, 2019	1	2	0.5	0
1103340	3.2338795879018107	3	61	YUT YUT	Jul 4, 2019	1	1	1.0	0
1118800	3.1459291898974513	3	60	Chasing Nebula	Jul 25, 2019	0	0	0.0	0
1100180	3.1451722089776295	3	48	<U+5996><U+7CBE><U+5927><U+6226><U+4E89> <U+301C> <U+6771><U+65B9><U+4E09><U+6708><U+7CBE>	Jul 30, 2019	0	0	0.0	0
1108130	3.092112448785372	4	80	The Last AntLion	Jul 2019	0	0	0.0	0
1116660	3.065246558949723	4	80	Neon Tide	Aug 2019	0	0	0.0	0
1111930	3.065246558949723	4	80	Underspace	December 2019	0	0	0.0	0
1107130	3.043077075037112	4	73	The Way of Cinnamon	Jul 15, 2019	6	8	0.75	0
1104620	3.023994896138461	3	45	The Lost	Aug 1, 2019	0	0	0.0	0
1118580	3.018635051246621	3	61	Wintercearig	Aug 2019	0	0	0.0	0
1113730	3.018635051246621	3	61	Cubico	Aug 13, 2019	0	0	0.0	0
1108090	2.960104859819829	3	63	Climb With Wheelbarrow	Jul 26, 2019	0	0	0.0	0
1106850	2.950100263149473	6	80	Totally Reliable Delivery Service Beta	Jun 24, 2019	1422	1547	0.9191984486102133	0
1114000	2.930662225449135	1	20	King of Dragon Balls	Aug 1, 2019	5	5	1.0	0
1113870	2.930662225449135	1	20	Time Travelling Blues	TBA	0	0	0.0	0
1106030	2.930662225449135	1	21	ROAD HOMEWARD 3 underwater world	Jul 29, 2019	0	0	0.0	0
1100840	2.930662225449135	1	20	Everyone Goes Home	Aug 5, 2019	0	0	0.0	0
1102510	2.80602999634425	2	43	Come Back: Chapter 1	Jul 8, 2019	2	2	1.0	0
1104590	2.803391589422312	3	62	Bacillus	Jun 28, 2019	4	4	1.0	0
1119800	2.803062562317943	2	40	Brume	2019	0	0	0.0	0
1119680	2.803062562317943	2	40	Jade's Ascension	When Emperor retires	0	0	0.0	0
1108620	2.803062562317943	2	42	Gangsta Woman	Jul 24, 2019	0	0	0.0	0
1107230	2.803062562317943	2	42	The 13th Doll: A Fan Game of The 7th Guest	10/01/2019	0	0	0.0	0
1103560	2.803062562317943	2	40	Airglow	Jun 2020	0	0	0.0	0
1103120	2.803062562317943	2	40	Dune Sea	Fall 2019	0	0	0.0	0
1107100	2.800095128291636	2	43	Second Final	Jul 25, 2019	0	0	0.0	0
1111130	2.7999503754123043	2	41	Song of a Spirit	Jul 13, 2019	0	0	0.0	0
1104230	2.7999503754123043	2	41	The Last Escape of Yeti	Jun 28, 2019	5	6	0.8333333333333334	0
1115670	2.7973979088703174	2	43	C64 & AMIGA Classix Remakes Sixpack 3	Jul 21, 2019	0	0	0.0	0
1102750	2.771024089483194	4	83	Zorg The Typing Warrior	Jul 10, 2019	3	6	0.5	0
1110870	2.757387983817897	3	64	Alien Shooter in Space Cradle - Virtual Reality	Jul 12, 2019	0	0	0.0	0
1110200	2.7427865246476344	2	42	Spaceman Defender	Jul 19, 2019	1	2	0.5	0
1115030	2.720345316160673	3	63	Running Black	Jul 14, 2019	0	0	0.0	0
1114740	2.720345316160673	3	63	Red Island	Jul 25, 2019	0	0	0.0	0
1111970	2.720345316160673	3	63	Zeminator	Jul 26, 2019	0	0	0.0	0
1111100	2.720345316160673	3	63	Oasis Shooting Ops	Jul 12, 2019	0	0	0.0	0
1110790	2.720345316160673	3	63	Soaring perl Tom	Jul 7, 2019	0	0	0.0	0
1109890	2.720345316160673	3	63	Planet Invasion	Summer 2019 - Add to Wishlist	0	0	0.0	0
1109720	2.720345316160673	3	63	Rico	coming soon	0	0	0.0	0
1105480	2.720345316160673	3	63	GGG Collection	Aug 7, 2019	0	0	0.0	0
1102700	2.720345316160673	3	63	Alpha Dog	Aug 2019	0	0	0.0	0
1101170	2.719644028395456	3	64	Mage Mania	Aug 2019	0	0	0.0	0
1104480	2.716241404436677	3	62	Soccer Kid	Jul 9, 2019	0	0	0.0	0
1108660	2.699150653772537	4	70	Crystal Defense	Jul 31, 2019	0	0	0.0	0
1107860	2.699150653772537	4	70	Tau Defense	Dec 2019	0	0	0.0	0
1122280	2.6754628991867513	1	21	Witchcrafty	Nov 2019	0	0	0.0	0
1117210	2.6754628991867513	1	20	<U+9876><U+9171>	2077<U+5E74>11<U+6708>11<U+65E5>	0	0	0.0	0
1113940	2.6754628991867513	1	20	Electronic Super Joy 2	Coming very soon!	0	0	0.0	0
1108420	2.6754628991867513	1	20	Pest Control	Jul 31, 2019	0	0	0.0	0
1107660	2.6754628991867513	1	21	Round Rooms	Jul 16, 2019	0	0	0.0	0
1100320	2.6754628991867513	1	20	Rest	Winter 2020	0	0	0.0	0
1112710	2.6727940157090675	3	63	Neon Tower Blast	Jul 24, 2019	0	0	0.0	0
1115470	2.670243630219097	4	60	Metronium	Sep 6, 2019	0	0	0.0	0
1119500	2.634578467444652	3	63	FIGHTBALL - BOXING VR	Aug 2, 2019	0	0	0.0	0
1113210	2.5133561527484964	3	52	Jomp The Jumper	Jul 12, 2019	0	0	0.0	0
1119520	2.3899700631919663	3	60	HITOTSU NO MORI	Oct 31, 2019	0	0	0.0	0
1104450	2.3368573605869747	4	81	Bombergrounds: Battle Royale	Q1 2020	0	0	0.0	0
1104930	2.334498543519506	4	74	Dots: Revamped!	Jul 31, 2019	1	1	1.0	0
1104470	2.3009554248658732	2	42	Super Hero League of Hoboken	Jul 3, 2019	0	0	0.0	0
1115630	2.299028054868029	6	80	Magnetic Daydream	Jul 2019	0	0	0.0	0
1102040	2.26961992177461	2	30	Obversion	Coming Soon	0	0	0.0	0
1108310	2.247223645194574	2	42	The Demon - Nicolas Eymerich Inquisitor Audiogame	FALL 2019	0	0	0.0	0
1100030	2.247223645194574	2	42	<U+4F0A><U+52E2><U+5FD7><U+6469><U+30DF><U+30B9><U+30C6><U+30EA><U+30FC><U+6848><U+5185> <U+507D><U+308A><U+306E><U+9ED2><U+771F><U+73E0>	Coming Soon	0	0	0.0	0
1103390	2.2399669195618768	3	60	ThreeStep	Oct 18, 2019	0	0	0.0	0
1103250	2.2288266726927275	3	62	FORT	Jul 15, 2019	1	1	1.0	0
1104010	2.1929999153477095	2	26	Save the Biros VR	Jul 4, 2019	0	0	0.0	0
1108630	2.1196239820633824	2	42	Gythol Granditti: The Crypt of Darkness	Jul 8, 2019	2	2	1.0	0
1109080	2.064845356980998	4	83	Prison Ball: Full Blown	Jul 12, 2019	0	0	0.0	0
1113960	2.026105930303212	3	62	Pictures of Life	Jul 25, 2019	0	0	0.0	0
1115660	2.0222189297494397	2	40	Apollo 11 VR HD: First Steps	Jul 25, 2019	0	0	0.0	0
1120050	2.0076882244288794	2	41	Hyacinthus	Jul 27, 2019	0	0	0.0	0
1119930	2.000207375902721	3	63	Away From Earth: Titan 2	Jul 24, 2019	0	0	0.0	0
1118730	2.000207375902721	3	60	Super Lee World	Aug 2019	0	0	0.0	0
1116520	2.000207375902721	3	63	The Backrooms	Aug 2019	0	0	0.0	0
1114230	2.000207375902721	3	60	Gear Puzzle: the inheritance of grandpa(<U+9F7F><U+8F6E><U+8FF7><U+5C40>)	Aug 5, 2019	0	0	0.0	0
1112950	2.000207375902721	3	63	Japocaliptyca/ <U+042F><U+043F><U+043E><U+043A><U+0430><U+043B><U+0438><U+043F><U+0442><U+0438><U+043A><U+0430>	Jul 2019	0	0	0.0	0
1104250	1.9878760371609598	3	54	Poly Mole	Jul 12, 2019	2	2	1.0	0
1101840	1.9644820815479709	3	62	WBTR - Welcome Back To Reality	Jul 31, 2019	0	0	0.0	0
1106530	1.9495989978475112	4	65	GemCraft - Frostborn Wrath	2019	0	0	0.0	0
1106670	1.9101429064640054	4	75	Diastone: Confusion	Jul 12, 2019	3	8	0.375	0
1111540	1.8998932719821044	3	51	Room 40	Jul 31, 2019	0	0	0.0	0
1102580	1.8946192666182478	2	42	Traffix	Jul 8, 2019	2	2	1.0	0
1119820	1.868715203400302	3	63	61 Days	Aug 2019	0	0	0.0	0
1112670	1.8602186472821094	5	76	YAWS - Yet Another Waveshooter	Jul 12, 2019	0	0	0.0	0
1099500	1.840768072191505	4	69	The Curious Tale of the Stolen Pets	2019	0	0	0.0	0
1120800	1.8262762997372672	3	63	Alex Hunter: Lord of the Mind	Jul 18, 2019	0	0	0.0	0
1122920	1.8201623858397022	3	60	Path Of Aurora	Oct 2019	0	0	0.0	0
1109740	1.7804991058876845	3	43	Kakuro	Jul 29, 2019	0	0	0.0	0
1116880	1.7761736395878458	3	50	<U+4F0A><U+683C><U+5229><U+4E9A><U+6218><U+8BB0>/The Heroic Legend Of  Eagarlnia	2020<U+5E74>  <U+6625><U+5B63>	0	0	0.0	0
1111380	1.7524581744940948	5	50	ROBOTICS;NOTES ELITE	2020	0	0	0.0	0
1114020	1.7392658935750094	4	71	ZomB: Battlegrounds	Jul 26, 2019	0	0	0.0	0
1113030	1.6712486242826112	1	20	Starbase Admiral	To be disclosed	0	0	0.0	0
1111960	1.6712486242826112	1	20	Tsuro - The Game of The Path	Jul 2019	0	0	0.0	0
1103620	1.6712486242826112	1	20	<U+9752><U+5C9A><U+8840><U+67AB>	Jul 2019	0	0	0.0	0
1100420	1.6712486242826112	1	22	Praetorians - HD Remaster	Q4 2019	0	0	0.0	0
1107940	1.668254980133066	4	82	Rocket Boy	Jul 17, 2019	0	0	0.0	0
1116890	1.6625796142607059	2	42	Unsolved Mystery Club: Amelia Earhart	Jul 22, 2019	0	0	0.0	0
1116700	1.6625796142607059	2	42	Vermillion Watch: Parisian Pursuit Collector's Edition	Jul 12, 2019	0	0	0.0	0
1099660	1.6164773601676363	3	51	The Lattice Grimoire	Jul 2019	0	0	0.0	0
1103290	1.610961836880879	4	82	Mind Trap	Q1 2020 - TBA	0	0	0.0	0
1119060	1.6064239120353316	3	61	The Designer's Curse	Jul 29, 2019	0	0	0.0	0
1115090	1.5804028421805465	3	63	My Planet [RTS]	Aug 8, 2019	0	0	0.0	0
1101380	1.5804028421805465	3	63	LOGistICAL 2: Indonesia	Jul 25, 2019	0	0	0.0	0
1103320	1.5789375876305134	3	62	Snow Arena	Jun 25, 2019	4	6	0.6666666666666666	0
1117310	1.5788630831618675	3	59	Sandwich Sudoku	Jul 2019	0	0	0.0	0
1117620	1.5762483978704134	4	80	Someday	Aug 9, 2019	0	0	0.0	0
1116990	1.5637850649400138	1	22	Legend of Cenama	Jul 19, 2019	1	1	1.0	0
1114640	1.562796608399203	2	41	My Days with the Demoness	2019	0	0	0.0	0
1107390	1.5467652571990658	4	82	EARLY ACCESS CA$HGRAB	When it's ready	0	0	0.0	0
1118870	1.5445816557330139	3	60	Sort Battle: Dungeon	Jul 25, 2019	0	0	0.0	0
1099980	1.5421478151125378	3	62	<U+58A8><U+8272><U+4E09><U+56FD><U+5FD7>	Jun 27, 2019	4	4	1.0	0
1100050	1.5387841350035187	3	81	Perfect	Jun 28, 2019	1	1	1.0	0
1120950	1.5349799511295141	2	42	Chameleon Run Deluxe Edition	Aug 23, 2019	0	0	0.0	0
1119760	1.5349799511295141	2	40	Rainbow Jigsaw	Jul 26, 2019	0	0	0.0	0
1114630	1.5349799511295141	2	40	Dr. Tacocat	Jan 2022	0	0	0.0	0
1113670	1.5349799511295141	2	42	Mini Tekton	July	0	0	0.0	0
1112430	1.5349799511295141	2	42	ViviEon	July 24, 2019	0	0	0.0	0
1112130	1.5349799511295141	2	40	Cube DOA	Jan 1, 2020	0	0	0.0	0
1108950	1.5349799511295141	2	40	CopyCat	Sep 2019	0	0	0.0	0
1105730	1.5349799511295141	2	42	HANGMAN	Jul 18, 2019	1	1	1.0	0
1105300	1.5349799511295141	2	42	The Cube	Jul 9, 2019	3	3	1.0	0
1103540	1.5349799511295141	2	42	Stupid Bat	Jul 9, 2019	0	0	0.0	0
1103460	1.5349799511295141	2	42	Break my body	Jul 24, 2019	0	0	0.0	0
1101330	1.5349799511295141	2	42	World's Nicht	Jun 27, 2019	0	0	0.0	0
1110010	1.5207312452678046	4	72	The Doulos Study	Jul 19, 2019	0	0	0.0	0
1105140	1.5189892751677962	3	53	Triangulum	Jul 30, 2019	0	0	0.0	0
1103300	1.5189892751677962	3	53	Escape from Classroom	Jul 13, 2019	0	1	0.0	0
1119870	1.5178276025244208	2	41	Bot Land	Sep 24, 2019	0	0	0.0	0
1116300	1.5084570918723692	2	43	Bounce	Jul 2019	0	0	0.0	0
1107470	1.5013249895317549	4	60	Applewood	Sometime between August and October, 2019	0	0	0.0	0
1106740	1.4970303552814082	3	63	The Beast of Gevaudan	Aug 2, 2019	0	0	0.0	0
1107350	1.4857094425308437	2	42	Unsolved Mystery Club: Ancient Astronauts (Collector´s Edition)	Jul 12, 2019	0	0	0.0	0
1105110	1.4806712393172647	2	42	OXXO	Aug 2019	0	0	0.0	0
1101220	1.4524698469784045	5	70	Anticorps VR	Jul 30, 2019	0	0	0.0	0
1119630	1.4392728283809118	4	82	DarkFairyTales SleepingBeauty	Jul 24, 2019	0	0	0.0	0
1101660	1.4376667953411248	4	82	Cooking Trip: Back on the road	Jul 16, 2019	1	2	0.5	0
1120340	1.4368801503121964	4	80	Meu Mundo	Aug 5, 2019	0	0	0.0	0
1113230	1.3996592187845476	2	39	TerTD	Jul 23, 2019	0	0	0.0	0
1108360	1.3958944188014337	4	81	AOS Manager	Jul 14, 2019	0	1	0.0	0
1114460	1.3945785121029242	3	63	Paranormal Detective: Escape from the 80's	Oct 2019	0	0	0.0	0
1110780	1.3945785121029242	3	63	Tractage aux Portes 2: Mob à la Cafétéria	Jul 2019	0	0	0.0	0
1111870	1.3925121291661777	2	40	Admiral Stepinski	Aug 2019	0	0	0.0	0
1105970	1.3717123437070966	1	21	<U+4E0D><U+6B7B>/IMMORTAL	Jul 25, 2019	0	0	0.0	0
1109650	1.3616177507763052	2	42	Hentai Girls Mosaic	Jul 16, 2019	3	4	0.75	0
1117710	1.3455383608920584	5	65	Contraptions	29th August 2019	0	0	0.0	0
1119940	1.3238813167438512	3	73	Storm Tale	Jul 2019	0	0	0.0	0
1107190	1.322116014749135	3	50	The Fragment	Oct 17, 2019	0	0	0.0	0
1109120	1.3205802234579946	4	60	La Forêt de Pago : La vengeance du dragon	Sep 2019	0	0	0.0	0
1108380	1.3015642786279356	4	64	Highlight	Jul 14, 2019	3	3	1.0	0
1100410	1.2559392505612668	2	29	Commandos 2 - HD Remaster	Q4 2019	0	0	0.0	0
1104530	1.2540889664811845	3	63	A Long Night For Crazy King	Sep 2019	0	0	0.0	0
1119430	1.2102143289180312	5	74	The Backrooms Simulator	Jul 23, 2019	2	2	1.0	0
1108190	1.203936962050856	2	42	Victorian Mysteries: The Yellow Room	Jul 14, 2019	0	0	0.0	0
1118310	1.1394730256460595	2	36	RetroArch	July 30, 2019	0	0	0.0	0
1119730	1.1137756340497442	1	21	Ranch Simulator	2019	0	0	0.0	0
1115020	1.1137756340497442	1	20	<U+8001><U+677F><U+653B><U+7565>	Jul 26, 2019	0	0	0.0	0
1104400	1.1137756340497442	1	20	<U+6211><U+4EEC><U+7684><U+5927><U+5B66>	Sep 2, 2019	0	0	0.0	0
1104220	1.1137756340497442	1	23	Kyle Simulator	Jun 27, 2019	34	40	0.85	0
1102370	1.1137756340497442	1	21	Pixling World	Winter 2019	0	0	0.0	0
1103940	1.1082329131715847	3	48	New Zealand Virtual Debating Chamber	Jun 25, 2019	4	5	0.8	0
1114050	1.0691140845448834	3	64	<U+96EA><U+9E70><U+9886><U+4E3B>	7-2019	0	0	0.0	0
1117470	1.026408768901262	4	80	Seven Wonders of St. Clementine	2019	0	0	0.0	0
1109310	0.9329661255440888	7	80	Expansion	Jul 25, 2019	0	0	0.0	0
1118910	0.9077519957058768	3	63	Sunflower	Dec 2, 2019	0	0	0.0	0
1114730	0.9077519957058768	3	63	Femdom Lines	Aug 6, 2019	0	0	0.0	0
1122860	0.8997504648871	2	40	Stop it - Driving Simulation	Jul 28, 2019	0	0	0.0	0
1113400	0.8961752719838753	3	42	Alliance of the Sacred Suns	Early Access Q1 2020	0	0	0.0	0
1108020	0.7812013535733864	2	33	Bepuzzled Jigsaw Puzzle: Sweets	Jul 12, 2019	0	0	0.0	0
1103070	0.7812013535733864	2	33	Bepuzzled Jigsaw Puzzle: Japan	Jul 3, 2019	0	0	0.0	0
1112400	0.7771297422930725	3	109	Go Fast Online	Soon	0	0	0.0	0
1114140	0.7541363185610107	2	42	Fortune Telling	Jul 23, 2019	0	0	0.0	0
1099440	0.6857252957244557	1	20	Rude Racers	Sep 30, 2019	0	0	0.0	0
1103040	0.6528371581213211	3	54	Bepuzzled Space Jigsaw Puzzle	Jun 25, 2019	0	0	0.0	0
1109550	0.6141304736599376	2	43	CricVRX - VR Cricket	Jul 19, 2019	0	0	0.0	0
1103050	0.6103170226612572	3	44	Bepuzzled Jigsaw Puzzle: Animals 103 Puzzles	Jun 27, 2019	0	0	0.0	0
1103920	0.5976174599917443	2	42	Clickable Coffee Shop	July 2019	0	0	0.0	0
1108030	0.5714834706081965	3	51	Bepuzzled Jigsaw Puzzle: Paradise	Jul 12, 2019	0	0	0.0	0
1110640	0.5371927176236311	3	63	Double Elf Fantasy	Aug 8, 2019	0	0	0.0	0
1114880	0.4554088523734059	3	44	VIBRATOR SIMULATOR	Jul 17, 2019	0	0	0.0	0
1102410	0.39854248118191943	3	64	LOST:SMILE memories + promises	Jul 25, 2019	0	0	0.0	0
1120780	0.39449700307227714	1	20	Space Travelling within the Earth-Moon System	Jul 24, 2019	0	0	0.0	0
1120160	0.39449700307227714	1	20	Tricky Cow	Jul 29, 2019	0	0	0.0	0
1119890	0.39449700307227714	1	20	Babylonia	Jul 31, 2019	0	0	0.0	0
1118030	0.39449700307227714	1	22	Cockatrice Attacking the city	Jul 18, 2019	0	0	0.0	0
1114270	0.39449700307227714	1	21	1912 Titanic Mystery	Jul 17, 2019	0	0	0.0	0
1110280	0.39449700307227714	1	21	Royal Life: Hard to be a Queen	Jul 12, 2019	0	0	0.0	0
1103080	0.39449700307227714	1	21	Bepuzzled Jigsaw Puzzle: Nature	Jul 3, 2019	0	0	0.0	0
1115830	0.3923722291944117	4	63	Fun Fantasy Girls Jigsaw	Jul 20, 2019	0	0	0.0	0
1101580	0.3871895739935412	3	63	Spooky Starlets	Winter 2019	0	0	0.0	0
1110890	0.3242916904466615	2	45	MY WOLF - Wild Pet Wallpaper	Oct 4, 2019	0	0	0.0	0
1108040	0.2623746741851831	3	53	Bepuzzled Jigsaw Puzzle: Aquatic	Jul 13, 2019	0	0	0.0	0
1101940	0.2180115016978374	1	21	Victorian Mysteries: Woman in White	Jul 6, 2019	0	0	0.0	0
1104830	0.21242146319276461	1	21	Mystery Masterpiece: The Moonstone	Jun 28, 2019	0	0	0.0	0
1103490	0.14743003033438556	3	63	Sweet Dream Succubus - Nightmare Edition	Summer 2019	0	0	0.0	0
1116020	0.14362899998457185	3	65	Witch College	Jul 29, 2019	0	0	0.0	0
1114720	0.050501548569074316	1	20	<U+56DB><U+666F><U+5C71><U+6C34><U+5716>.<U+79CB><U+666F> Landscapes of the Four Seasons	Jul 2019	0	0	0.0	0
1099550	0.050501548569074316	1	21	3D Organon Anatomy | Enterprise Edition	Jul 17, 2019	2	4	0.5	0
1114420	0.04471241988929456	1	11	PLAY'A VR  Video Player	Jul 29, 2019	0	0	0.0	0
1104270	0.025250774284537158	1	20	SuperManual	Coming Soon	0	0	0.0	0
1102770	0.025250774284537158	1	20	Cappasity VR Store Demo	Jun 27, 2019	0	0	0.0	0
1111020	0.005543456192632055	3	63	APEX TOOLS	Aug 26, 2019	0	0	0.0	0
1101740	0.001067387210749098	1	21	EZ360 VR player	Aug 2019	0	0	0.0	0
1106180	0.0009496889660548873	1	22	SpriteStack	Jul 15, 2019	14	17	0.8235294117647058	0
1103140	0.0006946488196938575	1	20	Powelus's Audio Visualizer	Oct 18, 2019	0	0	0.0	0
1120310	0.0	0	0	Game Dashboard	Jul 2019	0	0	0.0	0
1113620	0.0	0	0	Transparent Taskbar	Jul 13, 2019	1	5	0.2	0
1100090	0.0	0	0	Otawamure	Jul 18, 2019	0	0	0.0	0
